2             5.87528
3             6.40011
4             4.94503
5             2.02643
6             3.59416
7             3.23086
8             2.23146
9             1.40801
10            0.734354
11            0.330164
12            0.149895
13           0.0502914
14           0.0218094
15          0.00557682
16          0.00227671
17         0.000451643
18         0.000176816
19          2.9132e-05
20          1.1637e-05
21         1.60304e-06
22          6.2696e-07
23         7.18462e-08
24         2.76443e-08
25           2.681e-09
26         9.79891e-10
27           4.307e-11
28          1.5658e-10
29         1.99762e-10
30           1.532e-10
31         3.40135e-10
32         8.03613e-10
33         2.93525e-09
34         2.85838e-09
35         7.51216e-09
36         1.68269e-08
37         1.84856e-08
38         6.05397e-08
39         1.27602e-07
40         1.32177e-07
41         9.90171e-08
42         4.21361e-08
43         1.92607e-06
44         1.45302e-06
45         6.26063e-06
46         7.94567e-06
47         1.41464e-05
48         2.18907e-05
49         2.70762e-05
50         8.95305e-05
51         0.000158473
52         6.94364e-05
53         0.000163602
54         0.000504079
55         0.000434428
56          0.00430758
57          0.00094923
58          0.00983666
59            0.013789
60           0.0567494
61           0.0892945
62             0.17763
63            0.191884
64             0.19443
65             0.45332
66            0.765365
67             3.00229
68             8.54497
69             9.47513
70             2.20442
71              32.116
72             80.5634
73             136.918
74             163.937
75             744.114
76             910.163
77             455.958
78             3927.16
79             2171.79
80             11844.1
81             10097.3
82             5886.67
83             60239.6
84             22541.9
85             78158.7
86              346346
87              257239
88              866858
89         1.69785e+06
90              939115
91         2.62739e+06
92         3.77117e+06
93         1.21717e+07
94         1.79718e+07
95         2.70331e+07
96         2.93204e+07
97         7.62284e+07
98         4.54121e+07
99         1.65621e+08
100         2.72622e+07
